0,
1025,
516,
1543,
1036,1222,255,456,
1149,
14,
529,
1554,
1047,
25,
540,
1285,
1568,
1057,
35,
553,
1067,
1297,
46,
565,
1079,
56,
1599,1625,1660,
576,
1090,
68,
1579,
1609,
587,91,188,397,47,168,211,883,556,8,356,
1102,
79,
1621,
599,
1635,
614,139,570,84,
103,
1127,
1646,
626,
116,
1656,
637,
127,
1669,
649,
138,
1172,
149,
664,
1182,749,636,
676,
165,
1193,
1138,
687,
176,
1207,
698,
1217,
708,
199,
1227,
719,
209,
1115,
1237,
730,
222,
1248,
741,
235,
751,
247,
762,1597,
259,
773,
269,
472,
786,
280,
797,
1312,
293,
810,
1323,
305,
1334,
823,
1162,
318,
1589,
1345,
834,
328,
1355,
844,
340,
1367,
857,
352,
1378,
868,
362,
1389,
880,
374,
1401,
892,
385,
1259,
1413,1390,1556,1628,1505,
903,
1424,
915,
410,
1436,
925,
422,
936,
1451,
434,
950,
1464,
444,
963,
1476,
460,
973,
1487,
984,
1498,
1274,
484,
998,
1511,
495,
1009,
1523,
506,
1533,
2,
517,
1544,
1026,
15,
530,
1555,
1048,
26,
542,
1569,
1058,
37,220,13,
1116,
554,
1580,
1069,1056,
566,
1080,
57,1346,1095,
1600,
577,
1091,
69,
1611,
588,
1037,
80,
600,
92,
1636,
615,781,
1128,
105,
1647,
627,
1163,
117,
1657,
638,
128,
1670,
1173,
150,
665,
1183,
677,
166,
1194,
688,
178,
1139,
1208,
699,
189,
1218,1338,
710,
200,
1228,
720,
210,
974,
1238,
731,
223,
1249,
742,
236,
1261,
753,
1150,
248,
763,
260,
1286,
775,
270,
787,430,
1300,
473,
282,
799,
1313,
294,
811,
1324,
306,
1335,
824,
319,
651,
1590,
330,323,
1356,
845,
341,
1368,
858,
353,
1379,
869,
363,
881,
375,
1402,
893,
386,
1414,
904,
398,345,
1426,
835,
916,
411,
1437,
926,
423,
938,
1452,
435,
952,
1465,1435,
447,
964,
1477,
462,
1488,
985,
1499,
1104,
1275,
485,
999,
1512,
496,
1011,
1524,
507,
1534,
1027,
4,
518,
1545,
1038,
16,
1262,
531,
1049,
27,
544,
1059,
38,
555,
1581,
1070,
1117,
48,
567,
1081,
58,1394,401,
1601,
578,
1092,
70,
1612,
590,
81,
1106,
601,
1626,
93,
1637,
616,
1129,
106,
1648,
1140,
629,
118,
639,
129,
1671,
652,
1164,
1174,
151,
666,28,
1185,
678,
1591,
1195,
689,
179,
1209,
700,
190,
1219,
711,
201,
1229,
721,
1239,
975,
732,
224,83,
1250,
743,
238,
754,
250,
1151,
764,
261,
1287,
776,
271,
788,
1301,
283,707,
474,
800,
1314,
295,
812,
1325,1344,
307,424,
1336,
825,
320,
1347,
836,
140,
331,132,
1357,
846,
342,
1369,
859,
354,
1380,
871,
364,
1392,
376,
1403,
895,
387,
1415,
905,
399,647,
1427,
917,
1571,
412,
927,804,
1441,
939,
1453,
436,
953,
1467,
448,
965,
1478,
463,
1489,
986,
1503,
486,
1000,
1276,
1514,
497,
1012,
1525,
508,
1535,
1536,
1028,
6,
520,
1546,
1040,
17,
532,
1557,
1050,1030,
545,
1627,
1060,
39,
1582,
1071,
49,
1118,
568,
1082,
60,
1602,
579,
1093,
71,
1613,
591,
82,
1107,
603,
94,
1638,
617,
1130,
107,
1649,
1141,
630,
119,
1661,
640,
1153,
131,
976,
1672,
1165,
142,
1175,
152,
667,
1186,
679,
169,
1196,
691,744,
181,
1210,
701,
191,
1220,
712,
202,
1230,
722,
212,1169,
1240,
1572,
733,
225,
1251,
239,
1264,
755,
251,
1277,
766,
262,1016,
1288,
777,
272,
789,
1302,
284,
801,
1315,
296,
1326,
815,
308,
1337,632,
826,
321,
1348,
837,
332,
1358,
847,
1592,
654,
344,
1370,
860,
355,
1381,
873,
365,
1393,
884,
377,
1404,
896,
388,
1417,
906,
400,
1428,
918,
414,
928,
1442,
426,
941,
1455,
437,
955,
1468,
450,
966,
1479,
464,
1490,
987,
476,
1504,
487,
1001,
1515,
498,839,313,504,
1013,
1526,
509,
1537,
1029,
521,
1548,
1041,
19,
533,
1558,
1051,
29,
546,
1061,
40,
557,
1583,
1072,
50,
1593,
1083,
61,
1603,
580,
1094,
72,
1614,
592,
1108,
604,
95,
1640,
618,
1131,
108,
1650,
1142,
631,
120,
1662,
641,
1154,
1673,
1166,
143,
656,
1176,
155,
668,
1187,
680,1565,
170,
1199,
692,
182,
1211,
702,
192,
1221,
713,
203,
1231,1333,
723,
214,
1241,
734,
1573,
226,
1252,
977,
745,
241,
756,
252,
1278,
767,
263,
1289,
778,
274,
790,
1303,
285,
802,
1317,
297,
1327,
817,838,
310,
827,
322,
1349,
1119,
333,
1359,
850,
1371,
861,
1383,
874,
366,
885,
378,
1405,
897,
390,
1418,
908,
1429,
919,
415,
929,
1444,
1265,
427,
942,
1457,
438,
956,246,
1469,
451,
967,
1480,1463,
1527,
465,
1491,
988,
478,
488,
1003,
1516,
499,
1015,
510,
1538,
9,
523,
1549,
1042,
20,
534,
1561,
1052,
30,
547,
1062,
41,
558,
1629,
1584,
1074,
51,
1594,
571,468,442,
1084,
62,
1291,
1604,
581,
73,
1615,
593,
1109,
605,
97,
1122,
1641,
619,
1132,
109,
1651,
1143,
121,
1663,
1155,
644,
133,
1674,
1167,
144,
657,
1177,
156,
669,
1188,
682,
171,
1200,
693,
183,
1212,
703,
193,
714,
204,
1232,
724,
216,
1242,
736,
229,
746,
466,
242,
757,
254,
1279,
768,
264,
779,
275,
791,
1304,31,606,276,1398,381,574,622,302,67,148,
286,
803,
1318,
298,
1329,
818,
312,
1339,
828,
1350,
334,
1360,
851,
1574,
347,
1372,
862,
1253,
357,
1384,
875,
367,
1396,
886,
379,
1408,
898,
391,
1419,
910,
402,
1430,
920,
416,
930,
1445,
428,
1266,
943,
1459,
439,
957,
1470,
452,
968,
1482,
1528,
978,
1492,
990,
479,
1506,
489,
1004,
1517,
500,
511,
512,
1539,
1031,
10,
524,
1550,
1043,
21,
535,
1562,
1053,
549,
1063,
42,
560,
1585,
1075,
52,
1630,
1595,
572,
1085,
64,1254,
1605,
583,
1096,
74,
1616,
594,
1123,494,
85,
1111,
99,
1642,
620,
1133,
110,
1652,
633,
122,
1664,
1156,
645,
134,
1676,
1168,
145,
659,
1305,
1178,
158,
671,
1189,
1267,380,
683,
172,
1201,
694,
184,
1213,
704,
194,
1223,
1575,
715,
205,
1233,
725,
1145,
217,
1244,
737,
230,
747,
979,
758,
1280,
769,
265,
780,
1293,
793,
287,
1319,
300,
1330,
819,
1340,
829,
480,
324,
1351,
840,
335,
1361,
853,
348,
1374,
863,
358,
1385,
876,
368,
1397,
888,
1409,
899,
392,
1420,
911,
403,
1431,
921,
417,
931,
1446,
429,
944,
243,
1460,
440,
958,
1471,
453,
969,
1483,
467,
1493,
992,
1507,
491,
1005,
1518,
501,
1529,1432,1577,
1018,44,
513,
1540,
1032,
11,
525,
1551,
1044,
22,
536,
1563,
1054,
32,
550,
1064,
43,
561,
1586,
1076,
53,
1596,
573,
1086,
65,
1606,
584,
1097,
75,
1618,
596,
86,
1112,
1124,
1631,
610,
100,
1282,
1643,
621,
1134,
111,
1653,
634,
123,
1665,
646,
135,
1677,
146,
660,
1179,
159,
672,
1190,
684,
173,
1202,
695,
185,1632,
1214,
705,
196,
1268,
1224,
716,
206,
1234,
726,
218,
1146,
738,
231,
748,
1576,
244,
759,
256,
770,
266,
1294,
277,
794,
1308,
288,
805,
1320,
301,
1245,
1331,
820,
314,
830,
325,
1352,
841,
336,
1363,
854,
349,
1375,
865,
359,
1386,
1255,
877,
369,
1342,
889,
1410,
900,
393,
1421,
912,
404,
922,
419,
933,
1447,
946,
1461,
441,
959,
1472,
454,
970,
1484,
981,
1494,
1158,
481,
994,
1508,
492,
1006,
1519,
502,
1530,
1022,
514,
1541,
1033,
12,
527,
1552,
1283,
1045,
23,
537,
1564,
1055,
33,
551,
1065,
563,137,
1077,
54,
1087,
66,
1607,
585,
1098,
76,
1619,
597,
88,
1113,
1295,
1125,
611,
101,
1644,
1135,
112,
1654,
635,
124,
1666,
136,
1170,
147,
662,
1180,
160,
673,
1191,
685,
174,
1205,
696,
186,
1215,
706,
197,
1225,
717,
207,
1235,
727,
1246,
1147,
739,
232,
245,
1270,
760,
257,
771,
267,
783,
278,
795,
1309,
290,
807,
1321,
1159,
1587,
1332,
821,
315,
831,
326,
1353,
842,
337,
1365,
855,
350,
1376,
866,
360,
1387,
878,
1256,
370,
1399,
890,
1343,
383,
1411,
901,
394,
1422,
913,
408,
1434,
923,
420,
934,
1449,
431,
947,
1462,
960,
1474,
971,
1485,
469,
982,
1495,
482,
995,
1509,
493,
1007,
1520,
503,
1531,
1023,
1024,
515,
1542,
1035,
528,
1553,
1046,
24,
1284,
539,
1114,
34,
552,
1066,
45,
564,
1078,
55,
1598,
575,
1089,
1608,
586,
77,
1620,
598,
90,
1633,
612,
1126,
102,
1645,
624,
115,
1655,
126,
1668,
648,
1171,
663,
1181,
1136,
162,
1192,
686,
175,
1148,
1206,
697,
187,
1216,
198,
1226,
718,
208,
1236,
728,
221,
1247,
740,
233,
750,
1272,
761,
1578,
258,
772,
268,
1296,
785,
279,
796,
1311,
292,
808,
1322,
304,
1160,
822,
1588,
317,
832,
327,
1354,
843,
339,
1366,
856,
351,
1377,
867,
361,
1388,
879,
373,
1257,
1400,
891,
384,
1412,
902,
395,
1423,
914,
409,
924,
421,
935,
1450,
433,
948,
443,
962,
1475,
457,
972,
674,
1486,
1101,
470,
983,
1496,
483,
997,
1510,
1008,
1521,
1532,
